x	y
0.254678244132924	0.211174454283094
-0.0905413178700415	0.070915670567195
0.257730247305368	0.196101955826619
-1.23050853045249	0.723105236792884
-0.373806224858085	0.238958044831211
-0.101458002080017	0.0719464942827594
0.349186281545463	0.299682659029274
0.433512889415574	0.412806258543116
0.533583385113844	0.602266439128873
-0.535883654541808	0.425233521643324
-0.834268879031075	0.387082441158237
0.974574753714996	0.372135739368442
-0.357203890220466	0.168753894379891
-0.161531065929366	0.0681505287957826
-0.00563269709046529	0.00365734761909513
0.182962801312484	0.133993533470353
0.0990504907673066	0.0800700115197754
0.0952052684896417	0.0717617236485401
-0.149132945778454	0.0894964104924054
-0.839260453723205	0.393194546848372
0.104140413778569	0.0486900639914385
-0.372548970663652	0.238308480130202
-0.185813615583406	0.111422943915699
-0.00657266398124637	0.00546577137501718
-0.450447181427576	0.573097985694477
0.474535081955281	0.473388886737588
1.31797670759386	2.20631059025838
0.297037251076766	0.167824107712271
0.920173640287861	1.18183626324793
-0.966818461147978	0.751739198774561
-0.452161702477117	0.397275612058586
-0.873342078456874	0.921358310935524
0.873050189790348	0.858936783258661
0.457359450877609	0.274789844412617
0.113616904357006	0.060266995980647
0.130597256331498	0.0743022797647719
-0.404205699233701	0.447082458463146
0.495111955922702	0.596831618462739
-0.154319486168746	0.141076652786225
0.76706365400578	0.724302301065287
-0.907757983285954	0.833098283551528
-0.209990325709276	0.165517117955303
-0.0416366194955409	0.0284351011813019
-0.0573487208674437	0.0427505012213852
-0.0159981670516925	0.0089634218502147
-0.0176807191396512	0.00951449333173304
-0.0450456947216228	0.0237552900895953
0.26765283841909	0.168208828664088
-0.473438735980699	0.434818402346726
-0.139204191501883	0.0854634213564318
0.0763634618075378	0.0299713372413008
-0.243701866366035	0.190180916378434
-0.0818754110817251	0.068559824569847
-0.0809982571969529	0.0610019921299202
0.278438280290484	0.179189577465509
-0.360539018167239	0.258584919281778
-0.218749595238843	0.0794650349044047
-1.17275135541455	0.343911136935012
0.137105047028005	0.0341560549509494
-1.03989766373172	0.541280378911465
0.101687715875541	0.0479940155911107
0.161101925932617	0.114441142099911
-0.583106848297303	0.233197045960546
0.59885259755617	0.509478470152614
1.42233879882511	0.474017755843339
2.06370220786983	0.957566185457224
0.157376252038133	0.0320040543511302
-0.645482767593714	0.160931846851905
-1.78593882430978	0.438502679264093
-1.78730085422314	0.435451401481035
0.936117830340126	0.254142270662805
0.155829146463452	0.031555170264943
-0.831992811781452	0.384415634167884
0.11248758544836	0.0536832621233511
0.134055214227096	0.0350949903423807
-0.215178953222529	0.0838903568248648
0.93380439882526	0.249037682676712
-0.288444960966871	0.0987462625586103
0.0847846516657851	0.0295255806080394
0.625794765708888	0.19946967508199
0.465465381686127	0.174260018652835
1.26611791138628	0.564329826265175
0.462129291530653	0.167051134176967
-0.33433052425026	0.413967395487905
-0.135355443693607	0.107445962777111
-0.11028923707085	0.0493404396026371
0.899436557037424	0.589075116866914
-0.451879112449442	0.267587430763785
0.160599221384119	0.0319324278424885
-0.643835551953249	0.165404098536463
0.103529560349089	0.0311123486344785
-0.776218946022235	0.26113123082412
0.13617273196111	0.0348078928142129
-0.642489378014278	0.163742963398487
-0.505477534983533	0.517960869125722
-0.588519720094212	0.738351092138965
-0.232187925627655	0.130817887830024
-0.249241188570563	0.190131609215873
0.831258749552748	0.440448146468383
0.278664918079176	0.187283910989914
0.0775615119584165	0.0260879097723132
-1.17194696313743	0.369337997159434
-1.79072956232629	0.430508702225031
0.928250860984743	0.252367083560708
0.926916272309941	0.246860576976442
-0.649692961931011	0.162601931105921
-0.620778635477227	0.850379375656018
-0.608419459744473	0.984778314638931
-0.42636839457764	0.568245064116493
-0.479314236252449	0.586833350016982
-0.444094745255178	0.575068065380297
-0.253733188084655	0.32239519320453
-0.795087300863272	0.898759672242583
-0.12967081892748	0.119281308294383
-0.236724604480681	0.128810134571756
-0.64084325135703	0.160134884536478
0.155829146463452	0.031555170264943
-0.384358633883316	0.112187030580755
-1.16248999796443	0.361122887711657
0.134055214227096	0.0350949903423807
-2.5751546058236	0.734578643495464
-0.646351712140153	0.158948670390298
-0.566763103241312	0.840275941871535
-0.57828209655799	0.854926556017792
0.0163909466695929	0.0156159863701577
0.186113306335288	0.243052787738233
-0.121783686612784	0.134591915518298
-0.273167087727872	0.35536976128727
-0.920570277596073	0.859804078626674
-0.581047334603862	0.377516247283126
0.333663735895587	0.367727013812185
0.158753727426354	0.0319702215245481
0.157376252038133	0.0320040543511302
0.157376252038133	0.0320040543511302
0.935803053851377	0.251484404125009
0.137911084131349	0.0345700868305953
-0.644137672685696	0.15938672368822
-3.0942061427652	1.00206760339763
-1.78593882430978	0.438502679264093
-0.177597814175462	0.159903751186953
0.111790262190956	0.10438220779031
-0.421402338174982	0.538517902968541
0.275535684201537	0.297682752139612
-0.0345526217904428	0.0333836017552999
0.0989290075648419	0.0809282049503212
0.539020891747749	0.272448580758941
-0.280607766050953	0.0942679306222286
0.124203154794757	0.0708268121512732
-0.643835551953249	0.165404098536463
-0.394276767501337	0.114317029029541
0.137488721234064	0.0350378725869664
-0.64084325135703	0.160134884536478
-1.16422046382215	0.359838254517685
0.934119453302454	0.259434889433519
0.134055214227096	0.0350949903423807
-0.315536988962309	0.310260073480949
0.499164101378565	0.58947367086673
-0.0754408851780931	0.0729615038076664
-0.3129942652674	0.351354548018703
-0.151259714511242	0.108822600819404
0.271845140956229	0.19608762534215
0.257999842104921	0.239804829559875
-0.165329351312858	0.0691768460062868
-1.55273664300412	0.802665135171625
-0.783145057126805	0.281327417977169
0.634008498158391	0.288013542108877
-0.218002800587779	0.0847309034950032
-0.833129690219305	0.394482136333018
0.105409287263493	0.0314219528424027
0.131875259814366	0.0330478407707225
-1.5577350462358	0.82106890268697
0.329890781791342	0.141782154581436
1.42233879882511	0.474017755843339
-0.0807859197268962	0.0393324172882267
0.331706521108895	0.146162159728812
-0.438903844943376	0.416406796090551
0.291111787860264	0.338708524514462
-0.389837367085389	0.39785197458601
0.413572651473966	0.474154021397538
0.284105554261284	0.171664510677811
0.182343102480537	0.150368462078986
0.256050525781041	0.215087246956564
0.276217336298596	0.217817364769098
1.20812811565126	1.98762266834546
-0.235123341358197	0.131408888023018
0.106209813195923	0.0510939209451386
-0.635577706413783	0.540497958982284
0.142679368048	0.0953128497601569
-0.733863309322206	0.594563244562242
1.03678872840802	0.645674653209754
0.370884408194382	0.148387294426646
-0.636124742208326	0.521881925277591
0.117944719289832	0.0618188799850942
-0.0369699275716388	0.0282032035419333
-0.539365125048398	0.668893990411725
0.31674332638608	0.397201884464043
-0.1192813311585	0.113131218414807
0.618358557458549	0.558608093621041
0.0376122862772804	0.0224452638933766
0.983632634746618	1.15317227591053
0.273331504965346	0.189571775765264
0.257879384519274	0.191787366275812
0.919658667569956	0.887728838714389
-0.431703852143137	0.28102078905888
1.20891870805538	0.679884703532969
-0.540649658566529	0.409216414990968
-1.23104754221193	0.753958652440877
1.11477757636901	1.22931502191719
-0.559262512792447	0.463043191483164
-0.290001630070306	0.155382466997557
-1.87375634894899	0.813627302703626
0.98720879016832	0.472976116648361
-0.319497822635434	0.200238874971872
-0.0177930553518018	0.0148724335839722
-0.599698045998258	0.843164212907298
0.401729253472429	0.491228804669209
-0.501469381144855	0.525076522120998
0.274353404116235	0.20272070742577
-0.163637150942102	0.115725719495257
0.264427003574366	0.20154768809931
-0.739798910045414	0.784541131417527
0.143268028671506	0.0938121017060726
-0.903991129203072	0.920187260199022
-0.946415107947777	0.798752986481928
0.575748401354182	0.424943777629503
-0.0439651148631054	0.022606805785089
-0.43318508874281	0.303547882263754
0.261971771797146	0.194349747133549
-0.327167268962354	0.241805155141767
0.108791018206866	0.0522042615442836
-2.34942673241038	1.28097049920233
-0.454371685157146	0.264035965654172
-0.184839334732503	0.109201223377252
0.766850569122307	0.709422978382499
0.533816294565982	0.415296226331903
0.706566026203036	0.803849054537524
-0.922696382781897	1.44108694683177
0.174277852853796	0.154037559279649
0.696006322384222	0.980279529576516
-0.257176658748467	0.284294916175597
0.255041300203895	0.222350331486356
-0.0148713455001308	0.0118943640956223
0.326240451603657	0.300557157375397
0.258050851811299	0.231818288911239
-0.276187467996386	0.209094070492509
0.0143335602093964	0.00748380758357453
-0.532437877191156	0.412268831243684
1.02466977137323	0.643591584447326
0.124052531195348	0.0722042157338734
-0.829380473386196	0.719179566272402
-0.543240077896499	0.297226534081178
-0.31888883768761	0.206117681438408
-0.667443272088399	0.343718998039652
-0.043416453195355	0.0232688648623603
0.836508050677253	0.446992841574903
-0.543761789524162	0.303845943763408
-0.442487299484292	0.301365006150696
0.260095047040217	0.202376401362875
-0.212759438242792	0.204454078914952
0.0501705469205188	0.0427796347400378
-0.142595460592454	0.131748044232241
0.220237841523038	0.224321295011099
0.577676262111011	0.519005147038264
0.0386754779838819	0.030643894714267
0.064718325119995	0.0425490114174419
0.0895980952771055	0.0686090341889742
-0.0185270157440533	0.0102905943738388
-1.15027122624733	0.815703781309697
0.511647224923039	0.42251443493802
-0.361795311543299	0.25909730521679
-0.830619509881743	0.380413963787504
0.110730667290431	0.0525482131595856
-0.0411433808351232	0.0220070377809679
0.918123163588964	0.896258716407207
0.379442807034015	0.159006819090808
0.455734927916466	0.285574205558509
0.299035367028646	0.137793240704085
-0.150096351094217	0.0884428333289624
0.46634327188385	0.28245681615711
0.694798547021416	0.562060794091171
0.514967084215161	0.415195662039911
0.270080440993612	0.21098548121377
0.356007223859979	0.323017571364772
-0.724622522332246	0.986777329297103
-0.339881513413756	0.3916265282748
-0.424903448521498	0.46872309298371
-0.987888117488466	1.58570494603489
1.58522057959933	2.3537050907773
0.168152478948751	0.131211383031881
0.264448964667784	0.19585882246358
-0.568824333288589	0.48165044157663
-0.678118545113177	0.642055016317396
0.812708612277147	0.581841790411119
-0.845814868427433	0.495060739536507
-0.544730177885962	0.304006184072095
1.07835204374353	0.970625907696796
0.28942636003734	0.160611238314692
0.00774082004098628	0.00436168467365155
1.05763420600283	0.801479926628973
0.121668576328648	0.0668293788631772
-0.227207514970197	0.12839482421975
-0.626563175712432	0.463218440683873
0.113624702186817	0.0601105822413625
-0.187469606790164	0.181003340995302
-0.495284846379147	0.502601322413604
-0.622896546189394	0.691463528934727
-0.138348785614782	0.125498469690977
0.163304975976098	0.132524652034914
0.248201284615111	0.278062911914995
-0.201227931989073	0.156672150636287
0.256819412836598	0.208020637750395
0.449668049310251	0.429291449347834
0.116636028989299	0.112377784320165
0.943248469049972	1.29857297263458
-0.000589885088931729	0.000463065916200616
-0.00547215526871785	0.00383957815944388
-2.7063906701758	1.68023968230188
-0.364748612941637	0.172559671236752
1.262236749013	0.574934307621886
-1.5666847802524	0.558529526885818
-0.163364955919295	0.0698099487664053
0.0812808462713728	0.028251937533044
-1.34950666733275	0.627603342562772
-0.460866735492182	0.210320473730568
2.06495524310744	0.903827447019254
-0.587007425966981	0.235913360999295
-0.161138431508569	0.0677302591191062
0.0856407466325559	0.0362308278188099
-1.73608046994688	1.04656691881351
-0.221621091913035	0.0860146778006772
-1.56460994754484	0.838568666696602
0.0853410018819131	0.0336376280553041
-1.04567687143551	0.54002135422853
-0.365270827095188	0.176045349901873
-0.461095601008574	0.203479895908694
-0.382215413256734	0.112232552044718
0.630661970727527	0.199061320289736
1.39536356325528	0.895065612522282
-0.847261301601195	0.355071023358083
0.320781588201644	0.156197042392822
0.742600458933553	0.451213153000245
0.819797004442334	0.605818507778172
-0.462964882516112	0.512306332232873
0.321920495808405	0.409299258737336
0.406533407393112	0.525844491438871
0.545745521614793	0.625384663673464
0.883183579900217	0.759560226889527
0.454448424154992	0.4054899873778
0.507805438561174	0.458536286309883
0.364286790172538	0.304473491335418
-0.156783719802487	0.113577930918506
-0.957473511273081	1.12303990604476
0.264937427233376	0.201530339850108
0.388818404428718	0.301173933933811
0.513714508258862	0.418221180260449
0.1184061230861	0.0629290769103383
-0.0813190286622475	0.0517733398310482
-0.468026761896281	0.369067163041713
0.108369803190412	0.052659637585021
1.62548881160752	1.48745203568657
-0.040124499498507	0.0213521729047226
0.471976675890774	0.425836148798947
-0.851223248190088	0.471391101318891
0.616251452707967	0.430715096524502
-0.173717616284582	0.0974120884780983
-0.834680847998988	0.560258598983441
0.910709417599178	0.625300752112938
-1.38650152928036	1.12829844587286
0.00370397850686799	0.00218651500620967
0.295646054516557	0.15918648680646
-0.784785185175538	0.283807885980878
-1.0872222022263	0.458704578400995
0.332889383940599	0.150331964077498
1.20425477551513	0.678341217002318
0.0821419985413776	0.0284762037426957
0.457973464705071	0.167618117264498
-0.460528254966337	0.205499545090413
0.0789548935831761	0.026507173951752
-0.367432177548032	0.177182878790613
0.485043464479665	0.525564834073462
-0.602933587205658	1.05753007541315
0.458605557764007	0.505370701178383
0.000662318777295145	0.000649616144846196
-0.378451433852782	0.226041871034203
0.744040066872439	0.808574826941928
-0.336946083044318	0.330875597672095
-0.466152291135761	0.46246898427766
-0.120094134346359	0.0984875687562452
0.0676614553378001	0.0467482325485831
-0.826594490706346	0.746794259558594
-0.219275769216072	0.144352415759009
-1.13464771539591	1.09750246771296
0.685480533163719	0.666190783031059
-0.0561811160428498	0.0374318592567599
1.01425060547929	1.21930429233895
0.469943841608766	0.408014480152465
0.310793654280166	0.308256917941436
-1.08724815584776	0.902138666647255
0.0318832371842213	0.0199671553262777
-0.448111977309379	0.25099782748578
-0.618016131560221	0.456797545847791
-0.15255622514027	0.0896917620882848
-0.499099986987102	0.430574238457115
1.67041512939049	2.21583553372219
0.260841292486997	0.192870121537441
-0.207196953156119	0.137532039573305
0.574208970145784	0.42724834515118
-1.0930129160133	0.457794321807033
1.21214856921749	0.700996039384477
-0.465252360696449	0.212201205784514
0.139228228980447	0.0347976130633353
0.382515955918585	0.155362987319923
0.551419481314169	0.29712546877219
0.32915867881571	0.144617413682244
0.486984808811382	0.589235405193497
-0.289639658467382	0.31597391428007
-0.577189059157356	0.996875328965669
-0.291214745851385	0.283011541853356
-0.227905466909412	0.122990256044019
-0.0906037872927636	0.065624346110476
0.68045441168095	0.774592539528651
-0.618281387352116	0.782663299571832
-0.55820949442188	0.590116787367755
0.116638118506124	0.106533164771058
0.270752511045782	0.219529677002533
0.569039333535706	0.549791885790234
-0.0230455925268494	0.0159059917616832
-0.677790519880794	0.683483086344449
0.44595023432363	0.427899700581404
-0.336873359636381	0.307777989381133
1.68132522761189	2.1872022023194
0.165110155843936	0.121974526988053
0.151368529418842	0.103896557259144
-0.35617058778697	0.284896111235087
-1.53188647045172	1.9069014438513
0.0349505383637599	0.0265606400188943
0.116117148737601	0.0625233017003348
-1.63777195291094	1.93197996762672
0.00938729601103715	0.00528967457566432
-0.114188329742423	0.0728592220805074
-0.719433599081388	0.521944079590792
-0.505789487985055	0.346719243010858
-0.0890644890166141	0.0577252660399509
-0.0259252467171844	0.016829381387672
0.264633236276569	0.216821270328309
-0.101258832570242	0.0949268190257876
-0.341231857384204	0.379592038917633
-0.24525543690282	0.297571620684984
0.123482778008496	0.113991612757122
-0.427511705648475	0.559031218866892
0.244939274439157	0.268112610851734
0.169293211536007	0.162662927256829
-0.229722564313316	0.198344966944286
-0.105008336346594	0.0894365414421281
0.693947248648456	0.559368258916356
0.122141607971475	0.0678709709377351
-0.69718088599242	0.420959817502358
-0.0759823828846394	0.0375543606311314
-0.585773654475242	0.396210812073936
0.115461300808016	0.0594438016287974
-0.58198187473943	0.227771175095565
-0.668868383291527	0.337595024001449
1.20666655571317	0.686246370584108
0.957950370980606	0.797297468040168
0.310734408769719	0.158400428592301
-0.0421749350419812	0.0211523233724511
1.43261272032179	1.37149730465243
-1.38568700809243	0.887831195832759
-0.0342211695157801	0.0178559535401666
0.232740049675557	0.216835923819754
-0.20671243878139	0.160335754240766
0.0508001706694253	0.0425741988757008
0.0513894427222482	0.0442841775526604
-0.684788263300159	0.7337371012771
-0.125428250584352	0.11305783926304
0.257090923127807	0.27407561874247
0.54376286964029	0.874327303004257
-0.636482416880655	1.13157090388325
0.302337844150308	0.293841178595706
0.882475377624029	0.746489648992284
-0.945415155688661	0.812005548434545
0.0326102750404052	0.0257112194022911
0.0509955111688323	0.0529246876676499
0.111024944778205	0.0917780514527708
-0.500529860447911	0.348853335673358
-0.394712405786843	0.347518222029731
0.81982279261585	0.597452084014632
-1.09578566133361	0.477728056382184
0.0866103278635036	0.0339256298544401
0.383325183444573	0.15533460632198
2.06143322864343	0.947800888822542
-1.55906333315202	0.580168763315108
0.134431971418774	0.033494552676627
-0.210163135172987	0.0797159279295881
0.0779666897881993	0.0269328568776476
0.977508083966328	0.374996717181427
2.50019458917362	1.40250779082812
0.104228258880499	0.0319441294807729
0.0821419985413776	0.0284762037426957
-0.226880899144656	0.0852611612353138
-0.602478556894874	0.221733241922798
-1.52255032742642	1.11804736487067
-0.217116752762467	0.0836858719890332
-0.656340443474092	0.602409474436767
0.0675639815097831	0.0479810143584615
-0.0772860078270736	0.0490345470947091
-0.729389675965251	0.637646198725336
0.169273865401756	0.134372859995568
-0.975377365197847	1.32187826453569
0.117824227389665	0.139975360541585
-0.35196990695829	0.424933567732792
-0.277808149187039	0.230652556124484
0.168836203532322	0.123493266455903
1.0525207953037	1.60910023719457
0.186715212249169	0.190182352037444
0.109719571967054	0.100669984064463
-0.440435611043827	0.422226887410494
-0.0649298850516901	0.0576610890391118
0.304800169107875	0.150776440597535
1.50172198053029	1.80922923016664
0.121235990774706	0.0674679877267408
0.108791018206866	0.0522042615442836
-0.217428154898764	0.0848849970120097
-0.223921171252118	0.124724875609578
0.28618958372446	0.152152237209044
0.117725384292895	0.0623351608122925
0.695576785335638	0.586053860281307
-0.691337156573098	0.425741934214588
-1.56148353686936	0.820250765895868
-0.110353333132929	0.0501780216178982
-1.13545042044853	0.769122538079558
0.108429066630257	0.0503150758076818
0.462337591163555	0.289457608695985
0.101245155433823	0.0301965666200806
0.309210752366485	0.159105094278823
0.612514526355387	0.438569014956961
-0.714748180308628	0.506857643706849
-0.474561926822492	0.19403478554267
-1.34164209818358	0.639368302467975
0.155829146463452	0.031555170264943
0.626021020969377	0.202441140232469
-0.467535482913691	0.207188985919231
-0.216866748898177	0.084545409463104
-0.398244180096521	0.115712636565849
0.504786384394769	0.615358869859163
0.551908745349243	0.805638936310384
0.204122808189855	0.207350546862343
-0.69126315338319	0.848051403902571
-0.47280784492656	0.378677621563184
1.20489431358679	1.26721909552272
-0.959523064296579	1.06573242421141
0.723084464318666	0.887964145733934
0.631767993719256	0.884161283250182
-0.528934859073881	0.590908909284655
0.165586239185759	0.118939406211259
0.41507398571321	0.304964965521466
-0.548629800548185	0.62875191070151
-0.515457333236316	0.475154722896046
-0.16967097687424	0.134221631067307
0.343479699429854	0.328713246066586
0.0334463611891121	0.0199655737325742
-1.09591506102076	1.3429769557132
0.271886814094881	0.197353095614687
1.13903289186066	1.48936300682262
0.928905878330919	0.907376126560175
0.177676192588048	0.149298821038068
-0.36823754022335	0.326564052848832
-0.382133111770412	0.269001076340057
0.571050018046973	0.55103517647045
0.568324429815836	0.538616381978261
-0.601541888893929	0.604505685967663
-0.311464310475589	0.229495878919031
-0.814133246610802	0.676772164899248
-0.222438909043313	0.0839793512558072
-1.09524176427975	0.46370004938593
0.465843731332916	0.168359077789132
-0.648351421415575	0.16103383582639
-0.213673653849005	0.144883791185056
-0.239359909374445	0.181865315252378
0.241735214875844	0.228783080228705
-0.444842706335802	0.395390626474362
-0.370488331119661	0.177680474042401
0.616344996683972	0.43134225501402
-0.159193215678954	0.114670493083916
-0.74633649300713	0.810710707380086
-0.427074931944993	0.421797795389153
0.582234780278918	0.706974962914011
0.546235098762151	0.52434135707354
-0.247612470196146	0.230306762552588
0.520579182063444	0.547680605797007
-0.0631949136043429	0.0489308408473629
-0.219973454434431	0.184559016630228
-0.10550481223709	0.0666511667913537
0.372037568302828	0.31394156855371
-0.294342619107932	0.245145612431238
-0.36388349261154	0.343387026800288
0.276455411276504	0.18793375367818
0.251815535981789	0.208555937709811
0.501993849314428	0.523588714855828
0.414611010978022	0.298572845904862
0.252025536236578	0.20717164672701
-0.20842829626389	0.158627180668309
0.269060370248756	0.184537146375751
0.155506794612573	0.114707753718287
-0.134131371810453	0.108251600063986
0.379108585507722	0.262642956091439
0.106930179642282	0.0310477895532284
-0.396775823021834	0.116088157004631
0.557164788336486	0.28598924694573
-0.477223912856804	0.385741305814503
0.361847710011298	0.320734958334602
0.00418997553590768	0.0031006111294998
0.03706737315099	0.0228918840377282
0.0717671131063454	0.0272429603709039
0.43848704779957	0.299637675792605
0.407019865430117	0.289738996644205
0.772741637090799	0.901387129456902
-0.137426478500214	0.121932264677879
-0.351777286881949	0.374809099309001
0.167031362099435	0.158973451424731
-0.0942456961637529	0.0790292854061764
0.170309508585789	0.13883808027646
0.443184812931895	0.419418262712933
0.278958227921071	0.2917309761808
-0.336117350141793	0.373094081064069
0.660850179107477	0.779722478681873
0.888730515995745	1.15325027261204
0.881321022595557	1.17959939239742
0.0170464337566619	0.0124425596973104
0.0284740922896764	0.0225110670988275
-0.20301481704744	0.15890886072963
-0.409960699100047	0.425092709475371
0.270791653632509	0.226732454578679
-0.509547747273953	0.578586960243418
1.27921705957302	1.87245712923253
0.00365444894317776	0.00239010925030714
-0.0762510814485667	0.0558596557107122
0.255086691569139	0.217024552289688
-0.643835551953249	0.165404098536463
0.372484274022539	0.151094619132705
-0.0500994436021893	0.0258665417447425
1.31540008160947	1.14434482473776
-0.849536604698225	0.499414147590173
-2.5751546058236	0.734578643495464
-1.05014623784417	0.571811321146784
0.0825372079786677	0.0283312707768879
-1.38438148121384	1.09723807698438
-0.18738217300455	0.110688716075371
0.395160140621241	0.302037485143258
0.129063238879994	0.0721847580430932
-0.11315460755401	0.0724535184103601
-1.00908143341561	1.03934441650933
0.278678541917283	0.181839490460128
-0.0759823828846394	0.0375543606311314
1.55551146587053	1.63740533950456
-0.130972480321433	0.0956256909709171
-0.315777609888016	0.198890243074
0.280579014426629	0.16337514285279
-0.375809479765499	0.235480799282848
-0.834135352616948	0.613646882405234
1.20636978663304	1.13509483245349
-0.222479446110453	0.120789774202004
0.904744476940811	0.578397267640411
0.664963493323829	0.419762413020906
-0.269397861063914	0.177885068890809
1.21526562209403	0.64794355459674
-1.08168620215906	0.906729673587076
0.0911140416022089	0.0410649678042672
-0.362901863261128	0.174250432478318
0.131006167635027	0.0328396066414176
-0.216558526378422	0.0835093584105645
-0.138611634184617	0.0846684501389479
-0.172143529444104	0.150419389794763
0.0971688882786575	0.0802809700130869
1.43979752983831	1.37933535353674
-0.463388179116505	0.208745846100987
0.291786524829905	0.157792875623458
-0.427521413474779	0.303461005396193
-0.741247259782732	0.709440335975912
-0.0254500875502537	0.0200989317350825
-0.199569279041712	0.191649394341483
0.373958292227355	0.437452535351162
-0.0920538531512121	0.0764205479564296
0.0228363376446644	0.0173630973407562
0.110886205229	0.0965944204689006
0.835343390232044	1.06444289154731
0.839017167442503	1.20889090977761
0.704398379317361	0.948474172380252
0.990073564825213	1.1933768502957
-0.309325828081262	0.303969858136264
0.000491375596339747	0.000323871886721444
-0.00927318109409578	0.00640257584993746
0.257893327725228	0.227890031119658
0.709186990229666	0.810694725950497
0.823152464258364	1.05671324096865
0.586045187562322	0.599408995599092
0.182872506319224	0.149747467872364
-0.0345530397865159	0.0270791577305974
-0.355452218019271	0.318051036229062
-0.0596699974215064	0.0393226684179484
0.0349356427046818	0.0253377328909733
0.0335080409265585	0.0213863388039611
-1.17194696313743	0.369337997159434
0.610807287877613	0.43033666560403
-0.107682923704048	0.0895519702163482
0.430911692666164	0.465995379699028
-0.529098927183939	0.562975102891031
0.263417106190148	0.177246041353853
0.0814917936443874	0.0598065074941346
-0.877419347993618	0.914139727577015
-0.191077595869072	0.209167468839774
0.823282050503089	1.17028538016344
-0.640684749129436	0.728505123709185
0.313691453813757	0.359673095609115
0.82669781063953	1.08544585886599
0.103907743257754	0.0941877058371489
-0.231454782892271	0.219248656945271
0.28589139424147	0.304788677696722
-0.803372097347232	0.953006212421847
0.110672465894616	0.103286534144916
-0.490278723911621	0.540237728134907
-0.453534773624345	0.527280987272543
0.409334251914181	0.419946181635461
0.164040526717251	0.126677212148415
-0.51509760305482	0.607013105137616
-0.407516181910027	0.399178432435346
0.52866587008068	0.662254612753656
-0.579426384914904	0.654847694742915
-0.529851898892581	0.568919983886805
0.041652143013523	0.0335073027155025
0.0204667144437078	0.0145144630009663
1.40465286066104	1.49477523778232
0.309847026691767	0.153136928672988
0.459180415733866	0.166160604374828
-0.224784700940561	0.124099681416739
-0.109757742438007	0.0703609925323125
0.0444118329532246	0.0288013257382594
-0.27570019739941	0.250878450899591
-0.0375203004037274	0.0293324553622619
0.306630132062037	0.317412323847114
0.265740601035168	0.206582705708034
0.249004453639776	0.194146035740096
-0.802487508524799	0.861402971354986
-0.284822913509712	0.220136810161795
1.05199306475954	1.21050679314738
-0.00355650204347024	0.00185433331153389
1.12351324608409	1.38121108907515
0.151527847166213	0.10345514229013
-0.834491675427434	0.653137656888314
0.348753887921634	0.324804735811487
0.271504633466028	0.184277440202537
1.03273982256248	1.41012103401073
0.00731282841313228	0.0042351459869297
-0.733070188051345	0.679613497896674
0.528623123025982	0.4081579238124
-0.315343462587411	0.208651453924406
0.164356164987545	0.118842106940319
-0.524572714442258	0.492886924891762
-0.156891031345081	0.111627250465349
-0.516037777710808	0.439986966605156
-0.589281151477284	0.532493724520562
-0.31012251164859	0.202819240882451
0.263612249644702	0.201127605612143
0.2442052233018	0.237117928694699
1.19210429008541	0.901096012154594
0.168541737832113	0.128116169957659
0.0917499345646928	0.0718173401581131
0.0643798133592963	0.0418130667018377
-0.728059671119097	0.740871730689572
0.144633092302094	0.098404367855427
1.49125842346222	1.70226949927866
-0.96405731509304	1.11639169343695
-0.943049705981337	1.11144956189498
-0.911937424675272	0.914646601502902
0.254967119402953	0.211508609469388
-1.87430891326665	0.807997870998442
-0.180501055444536	0.125135245351715
-0.258520285362341	0.217270960517269
-0.860049452211191	1.11941294184552
-0.96938154902424	1.20120280151381
0.175080893229342	0.156470806578946
0.0754887707059291	0.0530240756286024
-0.426254238634152	0.471568626826559
0.00277342428744214	0.00183829629777784
-0.0679848284067919	0.0518166444765999
0.0276648472042186	0.0213450902903925
0.393342669157952	0.289982898888159
0.00833218615927875	0.00541410309222329
-0.261028568266264	0.22393834223697
-0.0537041931207322	0.041574218939031
0.26681726237332	0.21314632615417
1.19654868448738	1.01060155237598
-0.508427921552548	0.433948350240469
-0.509667538104533	0.482252525815073
0.0259572944651474	0.0191760815411966
-0.284110007668423	0.0965434778636971
0.0124753616191957	0.00701818090474833
0.275911810466971	0.196209600237193
-0.265109374147846	0.178585571398266
-0.256283975769316	0.241924040233993
0.261333107165793	0.218319043321129
0.376236974154846	0.297779523502051
-0.322848673347474	0.271184367159745
-0.0277626877193056	0.0186099628896164
-0.42358831513052	0.304847215874766
0.41450671868153	0.387076536328533
-1.04950275818146	1.21150312622429
-0.20594817026428	0.162358501039526
0.14460199243951	0.0868340370090479
0.161651964382309	0.113158523203896
-0.813258320041108	0.852520779521112
-0.491225181688383	0.411955428940214
-0.0750873841889036	0.0473888920685366
-0.446563458726823	0.269510731368464
0.457441614147799	0.287527081270355
0.0276261253890853	0.0170714703669461
-0.619850979625174	0.666337154568145
0.565836765261691	0.735012301059878
0.340599847774689	0.308518802372133
-0.542145864708684	0.298012132481226
0.256937969632323	0.213535892503815
0.524279881515665	0.520083839648957
0.597406828648885	0.638071826401046
0.15507603857085	0.151731756016108
0.25203163166855	0.230692665854116
0.390473205473743	0.404609179851513
-0.109816559295257	0.0922273881999634
0.262366888214311	0.187579723287036
-0.262192222767971	0.247374166790089
-0.0236997920365884	0.0159046917883443
-0.565873576194064	0.46905473011311
-0.427743904303313	0.43994447392162
-0.237819516588144	0.224124085977891
-0.128507079277779	0.0945803376536207
-0.294214235022884	0.24769199253407
-0.334668470722139	0.270443378459425
1.28401839525188	1.74995893322943
0.344993066639937	0.291594560679654
-0.471166420487274	0.362820168714765
0.163859736992312	0.132347100386261
-0.277307817292551	0.227623184137656
0.564214601862529	0.545882664032506
-0.451663656180426	0.397315095424768
-0.173675166702797	0.136922108566394
-0.156647302436152	0.111228211977364
-0.110543702217103	0.102194569750967
0.485573172596529	0.486712236626281
1.60891739557396	1.49857417774643
0.416784329103401	0.411891213635117
0.559468893039998	0.528658487714818
-0.543410457487671	0.52881023146107
-0.611063057670513	0.591954760914176
-0.543410457487671	0.52881023146107
-0.735721927893156	0.772883349009885
0.373814340839474	0.287962147955959
-0.150169203389552	0.0914753091297084
-0.0969065476283171	0.0616342473442427
-0.421958764672996	0.34032767373645
0.0396287281073314	0.0257117284573933
-0.423321820298573	0.389527379561401
-0.179496871424016	0.142354836326464
-0.0153332216318805	0.00842531846600777
-0.45704940557262	0.257833257396826
-1.77048564309394	1.42293270134503
0.395371461450443	0.293649368440593
-1.58760388051881	1.47484066630158
0.777885252053892	1.17405191621228
0.784749429374361	0.947588350205111
0.523952469137739	0.659941383141242
-0.227728180995449	0.193918809265621
-0.126461853009345	0.0937500479007818
-0.062012654508599	0.0470730415259861
0.273512045575129	0.186817574525322
-0.0127457613998635	0.00717204611361219
0.0244830141348093	0.0150237228100018
0.276740451710415	0.161336554436934
-0.226846626351365	0.12123695461007
-0.071548812730894	0.0360869862903743
0.54671383291068	0.288061043605768
-1.30801706320942	1.64769100386405
-0.490710828960216	0.330090524172807
0.310768301985075	0.154448778034383
-0.930495473128659	0.857916595864919
0.236947237591135	0.234590617855661
-0.211877460636702	0.200389142998755
0.104692751584849	0.0794538991455848
0.0548139389349065	0.0372575942090297
-0.18040147560549	0.136952817225907
1.19756852641237	0.995485388332476
0.327287419696594	0.150055016707855
1.02626402688334	0.635878988977898
0.749161192952179	0.585532625058724
-0.849429680362001	0.500158864699493
-0.590052721678399	0.244408072677239
0.0890861338811993	0.0299298810920246
-1.39259913889203	0.892378324731768
1.90337137279441	1.23436265732647
0.337230432730384	0.155742126470597
-0.385272828569602	0.115675713537293
-0.777305164050353	0.288218637766352
0.38806049625636	0.307504273933697
0.0372487428944317	0.022167274566318
-0.257483993256582	0.238327182897639
0.394449010516227	0.484145421021304
-0.320263611901653	0.243670174199058
0.0532370058806243	0.0347827286068957
-0.290334744295181	0.256445546794345
-0.84289175304701	0.380064546915701
-0.771618113720386	0.264551920423018
-0.289120545354252	0.0982326823496038
-0.598216599314445	0.233067185146929
-1.87832825411193	0.762631270129282
0.622964300445271	0.200951799928207
0.132742993973497	0.0341362592279412
-0.363404686217176	0.169943548568737
-1.87606444195625	0.8010681889892
-0.839825467673124	0.39925555085867
-1.55727048534596	0.585943810302311
-1.34970068715199	0.611141829141468
0.157638138898876	0.113686117196905
0.384698349626941	0.400664677144948
0.730592827368792	1.15055632140657
-0.297896822781331	0.270353558660387
-0.531632650317027	0.39807374483147
0.608196656233427	0.645777906497996
-1.50570212972054	1.3348017320121
-0.287450417018744	0.0985460555820956
0.624544532866297	0.19581541349256
0.629411549256692	0.202901816700143
-0.59196398704276	0.240501045883948
-0.536412535145847	0.298905902572855
0.0786236895761381	0.0268637158158156
-0.468931722046869	0.210437333175099
2.75923265308788	0.836083273652134
-0.35843654129695	0.173138477570059
-0.843795329508769	0.480283135153521
-1.16424350855308	0.360841733317147
-0.642190501571802	0.161710387629989
-1.14851233863726	0.785422714488879
-1.55599292368971	0.57972200926779
-0.780257488020119	0.283070259872901
-1.04925040474838	0.559130158062595
0.342201137836263	0.299846809586611
-0.33926911217929	0.332788728643332
-0.139775442766436	0.114354272167193
-0.457402278160896	0.437887497554931
-0.973616946418701	0.73719770289957
-0.283752998201687	0.149437185581366
0.127580549732674	0.0731235525722189
-1.00082027528724	0.642641089784796
0.328476416156397	0.150159773959873
-1.3835870084848	0.898133299834845
-0.463076590171658	0.208651454164586
-0.843685550035885	0.498806157621643
-0.16155560434965	0.068113421679743
-1.16942321384376	0.358318376889339
-0.85595974302571	0.472541897706299
0.751783033783478	0.318668004794255
-0.278752673190078	0.0925546551709775
-0.113533247289997	0.052075846875864
-0.456271413922584	0.206131885177769
-1.21755998335901	0.694758119830456
-0.847129934956713	0.560174435821476
-0.77680154360055	0.280831111550184
-0.308846843643126	0.198786623026871
-0.959338362218496	0.711335303756872
-0.460785808191263	0.20629960119188
-0.392257565588324	0.377870527570747
0.462386493351221	0.284088680944501
-0.123127171453777	0.100268814716861
-0.216314961731335	0.0826909760795535
-1.34012571700478	0.632924639956207
-0.391911501912874	0.117579348986781
-1.79072956232629	0.430508702225031
-1.90517462592759	1.28691361566391
-1.56004016475455	0.569471890261215
0.461021981460278	0.163501934089353
-0.290106085879917	0.0990256675498028
0.381946526012656	0.158440404544565
1.42365420901275	0.486816559821607
0.625463333434075	0.205616970479736
-0.290669797870961	0.0945744440599321
-0.391020054552956	0.116235721757588
1.20989857075275	0.702886311454836
-0.360679325776411	0.173551971799259
0.0803568184054744	0.0272711185384047
0.624544532866297	0.19581541349256
-0.164429649403148	0.127765460297878
0.251932323569891	0.21563841741487
-0.0736695380630833	0.0371982084650483
-0.84661114457363	0.452581847148749
-1.05954576448684	0.524111752813401
0.297522683962671	0.160883957966403
0.101325745551407	0.0422326724591324
0.328855635712981	0.14487281290254
0.627789785231298	0.306541152822373
-1.76266951769559	1.41531286169601
0.135790792563548	0.0348333749263102
-2.57363737751083	0.71619611725614
-1.096902421779	0.465714266463174
-0.832891888150285	0.383034027822914
-0.850878841490003	0.483160374907972
-0.842092921315721	0.391023035565893
1.89662618254642	1.20301770016297
-0.22581263422613	0.126119700976863
-0.599171883806279	0.367693580339078
-1.55420184895664	0.577771793678898
0.132317236140496	0.0337294970472214
-0.201146489386207	0.154960107128397
-0.70110753286758	0.423967642383143
-1.29128154122329	1.26282539441441
-0.378850914220238	0.268177051361047
0.0467788740516581	0.0299433904749449
-1.19292462534675	1.05862319591505
-0.717401526579866	0.522876013594066
0.0146086924704688	0.00877144618905724
0.115437630667543	0.0610087718477161
0.091740404577488	0.0407905730290846
1.3571625977775	1.05588206997668
0.837847271339345	0.458840464412753
-0.835004248627926	0.574282553416482
0.690863269687254	0.571519558389382
0.11172699818385	0.0595048309225371
-0.293071318843924	0.0994935601069163
0.306774550652303	0.158451923450854
-0.712740232159484	0.516829906860814
0.130024178724204	0.0744932627601801
-0.315101456596121	0.204872569338403
-0.310440636240725	0.203858173828887
0.152118621791417	0.108481447471932
-0.186496164611345	0.132952219423348
-0.928000219602314	0.855648553286786
0.989517231030959	0.947092747747611
-0.540721229700882	0.419109686813583
0.356454755129581	0.303295733081282
0.0793540152247352	0.0275109590294752
-0.463145304271038	0.207318921105663
0.993582956657971	0.908548184562514
0.952167273515193	0.749620904323662
-0.843348617311751	0.48409726672629
1.56531633770487	1.08853798890434
0.675416585196394	0.440896367623919
-0.0747432395729602	0.0368572577682297
-0.0692471105155346	0.0343778988109698
0.769905322416034	0.733044810508063
-0.360450507270413	0.177690109107766
-1.5199969760366	1.08748083291008
0.114866289597144	0.0616119381248846
-0.103409892230424	0.0639663302813974
-0.0580654133221121	0.0444128777999156
-0.309195836109329	0.204233156307904
-0.0166688837370622	0.00912610868887324
-0.691499852330719	0.426515900453706
0.0858942543306099	0.0374800487500367
0.396545608731679	0.287306605123097
-0.116315085458472	0.0744529204179738
-0.231587465714523	0.132064584056127
-0.11894051248973	0.0542999018370261
-0.224771827463231	0.124566814217739
1.05671077543599	0.79247272441606
-0.613711912232924	0.469953314039586
-0.669619607644872	0.644587812285413
0.0991717901332354	0.0427741634720457
-0.363950692668896	0.176707297794156
-0.106447066893667	0.0651696353626832
1.02007369884276	0.519109974602177
0.838870790294504	0.465858626375638
-1.03901963085744	0.987892145925778
-0.286205971543514	0.244223134675851
-0.597105395963608	0.245783341231625
-0.291632722730228	0.151551089692114
-0.279301819785541	0.0929450301209328
0.0314529367241128	0.0250394077751885
-0.332453198146583	0.2459779685144
-0.459606435005135	0.208371287069314
-0.660498672178619	0.33543691183207
-0.218002800587779	0.0847309034950032
0.756380029726619	0.332098700403031
-0.364638332491962	0.174951958745581
0.131006167635027	0.0328396066414176
0.625463333434075	0.205616970479736
1.71202664972303	0.965713931891259
0.0821419985413776	0.0284762037426957
0.373859170147347	0.153493330334551
-0.777305164050353	0.288218637766352
-0.387414800382299	0.119080555694114
0.294170100390978	0.160676347627904
0.0835122268459424	0.0317403948196416
0.979143320137656	0.372868667445208
-0.776113129457213	0.277995185358117
0.624214008916153	0.206232457822621
0.100085234519901	0.0304622748614045
-0.38867154641124	0.116922334373934
0.158753727426354	0.0319702215245481
0.137105047028005	0.0341560549509494
0.985496471514131	0.390439575213324
-0.779063896426831	0.289518739243686
-0.0207973392094308	0.0110326661189633
-0.413280969270915	0.268260230217457
-0.440407372818734	0.307930749552736
-0.234273039067569	0.132294372339728
-2.53192037030699	1.4929768571947
0.466567974107734	0.174191346332386
0.0810152359502082	0.027606049971453
-0.534543882865545	0.292478082049747
-0.831992811781452	0.384415634167884
0.288801975188032	0.165054964248877
-0.512100154162529	0.341692403546339
-0.662456549328834	0.327012999265853
-2.48264261154406	2.28105275235274
0.734867603475427	0.436529821864851
0.144658196804304	0.0906113422481133
-0.666407045152027	0.335890917577715
-0.0690612844775825	0.0341919084390765
-0.590555268109081	0.238327417918463
-0.699096053527119	0.423692318110681
-1.34544668406716	0.648505997878093
-0.369012691520472	0.182343680456661
0.08240619875687	0.0286933254047604
0.375508297969343	0.154250432471742
0.623324363445674	0.294734458944055
-0.543240077896499	0.297226534081178
-0.15957920882398	0.065061444958357
-0.110643102184092	0.0489522853537479
-0.112890791661365	0.0489547228544589
0.979143320137656	0.372868667445208
-0.646694736870845	0.160883900344644
0.932465440987119	0.256778751447003
0.449577397727065	0.15740068715785
2.75716465447705	0.856515106564735
-0.290791766390316	0.0963573978372085
-2.57876269927201	0.714863128228587
-0.392276218026138	0.114268470001949
0.621852570339308	0.195889917983624
2.75716465447705	0.856515106564735
0.626021020969377	0.202441140232469
-0.782439635017377	0.279989616539392
0.134431971418774	0.033494552676627
-2.57667382401217	0.709138492879174
1.97266332953	0.514407739913456
-1.78593882430978	0.438502679264093
0.131875259814366	0.0330478407707225
0.935459494940097	0.251493140527709
0.62524761571067	0.190552142774941
0.135790792563548	0.0348333749263102
0.134477423644699	0.0339077240788829
-0.644137672685696	0.15938672368822
-0.661678513485875	0.332009277347527
-0.781384221241339	0.281582131382678
-0.698578489070582	0.434287533678623
-1.34943853471352	0.656413862897127
-0.365410543328793	0.181883504087744
0.456038886952729	0.160025787548024
0.366347505034416	0.142482670065885
-0.384358633883316	0.112187030580755
0.833996648624518	0.443924848693236
0.106466321058559	0.0325705409458002
0.305671667057619	0.156033346225555
-0.162169432264122	0.0676138981350027
-1.5632041872855	0.819504043405341
-1.23104754221193	0.753958652440877
0.0810979762647338	0.0313292364205811
-0.223251134224367	0.0864957094687745
0.332651018649275	0.151405594176449
-1.16769428011736	0.3688513844815
0.0797533503770951	0.0278103540498117
-0.777305164050353	0.288218637766352
2.06192892322831	0.945450100823738
1.02982347663665	0.646115348877419
-1.26598448509492	0.967355498594891
-1.00107114947795	0.626348942213741
0.117943354048128	0.062437104182597
0.0885176384735146	0.0379957190682068
-1.23286790537824	0.735327578749562
0.275504106892181	0.190167061820588
0.127574812446507	0.0765519190068809
-0.155782825510301	0.0668846672946918
-2.16892122338359	1.67535749663929
0.377504323971081	0.154381087768881
-0.699053118644793	0.437683669222143
-0.0654860558108326	0.0321317974058676
-0.230179193163174	0.126013895531826
-0.592788931653639	0.385503418342311
-1.55688035218901	0.840457273919163
-1.65717829920144	1.28660110526363
2.20749343817165	1.63973186219011
-0.457413578627463	0.207203588831717
0.0960983244651062	0.0288082267016384
0.625463333434075	0.205616970479736
-0.840106009512164	0.397764443513192
-0.643835551953249	0.165404098536463
0.135790792563548	0.0348333749263102
2.84370142116545	1.95601272527729
-2.14060239943199	1.01658401943952
-1.79072956232629	0.430508702225031
-0.77680154360055	0.280831111550184
0.151739002206461	0.0305590186742379
0.155829146463452	0.031555170264943
1.97266332953	0.514407739913456
-0.220530461632205	0.0835500430961918
0.130125441973536	0.0326182765155944
0.62816073065031	0.199117754874169
0.132317236140496	0.0337294970472214
0.134477423644699	0.0339077240788829
-0.594069883165114	0.245822164998383
-1.56222312699035	0.578545336453789
0.134055214227096	0.0350949903423807
-0.383473311435338	0.112752314032932
1.42191243084037	0.481329111904226
0.0932277781862624	0.0272720528100652
0.0835289363343475	0.0288207649669139
-0.777871506351588	0.279214794580025
0.839246015081397	0.446265678379268
0.0812808462713728	0.028251937533044
0.548982368814764	0.279935428935906
0.993336284177223	0.495937115399256
0.135368317995282	0.034380828070741
0.752741599786876	0.318509220243848
0.379442807034015	0.159006819090808
-1.09910777302733	0.462050725237245
-1.55127870217552	0.830787614310439
0.627789785231298	0.306541152822373
0.0820991049123475	0.0320001274131154
0.378315736836852	0.157995342139036
-0.387015314729264	0.228177215085586
-0.160366905322783	0.0679754700006138
-1.89104145723038	1.22689936594044
-0.279498051546691	0.095443783491025
0.310145759184193	0.157208834840936
-0.460988301001111	0.204657303912456
0.380823657501937	0.159173674782741
-0.223001614342216	0.0867821277358564
0.0975110185612996	0.0459189354950657
-0.848464457660657	0.382881209550336
0.0836622490053748	0.0292266687447064
-0.840106009512164	0.397764443513192
-0.312985498248835	0.20344739886033
-1.34868261696108	0.647182616701678
-3.09049916505137	1.00246033338382
0.157205444439455	0.0315258361215739
0.625463333434075	0.205616970479736
-0.63883934105918	0.158048670727366
-0.384358633883316	0.112187030580755
0.331864977579039	0.154408445547702
0.0806138544147262	0.0314527820697679
-3.08726895924793	0.979573206343047
-0.387414800382299	0.119080555694114
-0.0829642223487434	0.0541345207499571
-1.7528896737318	1.34879175723477
0.424494413206812	0.280491734535339
1.57247807823318	1.11902547084178
-0.124671976237317	0.0903896743205754
0.15491581607824	0.102268005304652
-0.231587465714523	0.132064584056127
-0.369112144513587	0.230195931022829
0.737909671441539	0.453763982039764
-0.320687384420646	0.240046429618906
-0.290586652406048	0.150622893561927
0.264233697601964	0.205056605334055
1.02853177518719	0.651391834559832
-1.00067671079104	0.633451906392598
-1.49450022173103	1.38527664889942
-0.38059660773487	0.228205507233062
0.364812187573576	0.306436561190739
0.257628224515735	0.202076458580643
-0.156573262499439	0.0656448597288955
0.12278886234171	0.0685489210423104
-1.12264235136608	1.30695868850544
0.512300228811438	0.412669191157477
0.255128055193737	0.22682820145749
0.167027280647213	0.132325350554297
-0.357720851331885	0.247274109257537
0.567505432683676	0.434910203803505
-0.108962119395137	0.068067710823843
-0.334632784676699	0.243796619462355
1.03095330866393	0.617568842377378
-0.366367241940311	0.223491604462902
0.503563685140318	0.292913821702789
-0.556248301628241	0.470999334896511
0.273510260648513	0.179075683304779
0.261314760088978	0.196655500482438
-0.0648130741490679	0.0316274291030097
-0.286059144076533	0.151154308515643
-0.0276748080223297	0.0146031990572897
0.483583272704836	0.417938718979938
-0.427656594325095	0.30992465906759
-0.060501999476872	0.0397731308996455
1.70951783083204	0.995530592901358
-0.218252370417828	0.0848483208395658
-0.469334250294898	0.374026717132896
-1.00256519659881	0.642251815508282
-0.446926594901068	0.261002773344524
0.103850931539938	0.0494866226275667
0.0820048602144238	0.0283833400215427
-0.290234460491562	0.152807694755838
0.89997055121059	0.606340993063006
-1.38699370476077	1.44791178123141
-0.361676815549434	0.177710154760845
-0.147016792343588	0.0868204188625696
1.21214856921749	0.700996039384477
-0.211042134874645	0.080262206826289
-1.14705821902614	0.811475615596246
0.312465177953865	0.159931780953034
-0.570152110407838	0.483867294470912
0.885401581915144	0.745034681741641
-2.3497874756387	1.28159505923332
-0.587652316388345	0.241426801877699
-0.642190501571802	0.161710387629989
-2.5751546058236	0.734578643495464
-0.223020780996592	0.0820065254901187
0.0783720735206347	0.0268136757622562
2.29247514337695	1.17712306715141
-1.73852985121773	1.02080153453933
-1.09412618603216	0.475602896245786
0.46823319420298	0.170755366799563
1.51023717586849	0.756327146509791
1.21665077170483	0.672133509959469
-0.672807212696274	0.349643710125301
-0.222099115711883	0.122269355896949
-0.215228860142485	0.0813964807041977
0.154855098425586	0.105693309359597
0.970655449502665	0.752728855203469
-0.262763920022506	0.177315318630485
-0.310155771380037	0.204930884449562
0.344377171352698	0.140832580341561
-0.0807969210358851	0.0517225316914722
0.867804436786912	0.7363587750649
-0.589265632389402	0.394190542112046
-0.31434406307798	0.22627527692328
1.20262110068777	0.842953657838078
-0.112963629177748	0.051373719464111
-0.297178278869183	0.149749591212696
-1.09412618603216	0.475602896245786
0.335621724745878	0.142197590319818
-0.590969371031927	0.390709005858319
-0.155782825510301	0.0668846672946918
0.104790273471459	0.0491166407361715
-0.594069883165114	0.245822164998383
0.157376252038133	0.0320040543511302
0.27415806589858	0.185829137261067
0.289256809267959	0.160279264894284
0.632343433173925	0.663815340091756
0.100463938040631	0.0472609091011413
-0.590147291274773	0.389588253136232
0.275585471213198	0.210125436556442
-2.58237152218476	2.64812349412877
-0.230384184440643	0.124802505589895
0.391645652748017	0.291379845336854
-0.317607633220311	0.248207740190833
0.615004262870731	0.435818087906956
0.141661646492231	0.0955849314881694
0.445297754346886	0.291214203518273
-0.109445391396559	0.0691029276471922
-1.27307294750518	1.00602276933205
-0.83977639346013	0.664706472502496
-0.435874993714035	0.300973056415432
-1.00642859652619	0.971274632538293
0.341544928508924	0.30764852071936
-0.245620378750778	0.125330792969155
-0.118102115168699	0.0753244059638451
0.413490287453098	0.298052745904718
-0.426255212105482	0.303628660810626
0.409224748206914	0.290612975277279
-1.62946934632018	1.9391959114109
0.439478472769338	0.30120745123433
-0.228712780717771	0.128548498706021
-0.835497238309853	0.649763637139635
0.00105348383647758	0.000635066853236765
0.134671368670004	0.0835070883253956
-0.539152717373742	0.305763620432095
-0.154598427330938	0.0658401733562713
1.57005648669892	1.13078447230508
-0.275685859482267	0.212186254820701
0.140312959022329	0.0932219359399519
1.01775924218041	0.993066791167032
0.421463100206936	0.303593970143412
0.64800074035222	0.562516967846371
0.359620977890933	0.31723898868264
0.176540616603164	0.119288032080799
0.392253209491088	0.283911428441323
0.323485102529745	0.137639578918676
1.48969272025002	1.20050354828002
-0.255536045673525	0.208567698527011
1.02612074172261	0.610514131829355
0.435108756700988	0.283159674742401
-1.03912271352343	0.916763412273706
0.608700784823497	0.426365910291357
-0.726427759711481	0.654381338507194
-1.38362802396863	1.45502428346107
-0.545303095400946	0.302612407650198
-0.107084474327806	0.0496420542182246
0.270081158284834	0.187526354224948
0.27549428314633	0.178863773424655
0.286021872676164	0.170240697451416
-0.238463402674403	0.131328804538351
-1.87305145928687	1.7476832113735
0.380823657501937	0.159173674782741
0.114940790476102	0.0537086321241618
-0.595979076022663	0.244250852954832
-0.542540273177697	0.302148068260129
-0.599620553590402	0.239385405128068
0.079484645559682	0.0269542318139156
0.0877452555812273	0.0341188842987732
-0.777305164050353	0.288218637766352
